[redshift]
temp-day=5700
temp-night=3500
transition=1
brightness=0.9

[manual]
lat=53.42894
lon=14.55302
